0.018428
0.013321
0.000003
0.077113
0.042838
0.021042
0.020270
0.080959
0.094316
0.014370
0.014512
0.017506
0.017415
0.011515
0.014281
0.018319
0.017651
0.017712
0.020742
0.023979
0.012228
0.037437
0.011782
0.013137
0.014778
0.011393
0.011932
0.014620
0.012981
0.011745
0.013791
0.017815
0.013057
0.012105
0.014810
0.011394
0.010920
0.015428
0.011579
0.011711
0.014856
0.025553
0.014766
0.011812
0.018425
0.014643
0.011553
0.011685
0.012125
0.014497
0.013944
0.014739
0.014775
0.014859
0.011625
0.011437
0.014551
0.011820
0.014792
0.014919
0.014688
0.011384
0.017776
0.011874
0.014113
0.014461
0.164412
0.016480
0.020725
0.014678
0.012049
0.014621
0.015054
0.012299
0.014859
0.011470
0.014721
0.010996
0.011611
0.014584
0.010767
0.015620
0.863122
0.024214
0.011744
0.014648
0.014657
0.011287
0.011802
0.014918
0.010964
0.014445
0.011527
0.011465
0.011475
0.076586
0.018632
0.013060
0.012925
0.011924
