0.001048
0.000946
0.000996
0.000936
0.001903
0.001268
0.001163
0.001150
0.000941
0.006710
0.000791
0.000963
0.000822
0.001615
0.003237
0.001088
0.001105
0.001050
0.001379
0.000992
0.001054
0.001380
0.001281
0.001118
0.000971
0.001754
0.001192
0.000818
0.001253
0.001357
0.001139
0.001248
0.001057
0.001006
0.000859
0.001056
0.000800
0.001010
0.001007
0.000802
0.001025
0.000784
0.000825
0.001436
0.001282
0.001024
0.000821
0.000791
0.000910
0.000948
0.001081
0.001096
0.001058
0.001099
0.001039
0.001047
0.000959
0.000991
0.001002
0.000808
0.000824
0.001057
0.001246
0.000781
0.001040
0.001150
0.000882
0.001114
0.001237
0.000999
0.001038
0.006885
0.001074
0.002799
0.000782
0.001381
0.001115
0.001247
0.001056
0.001256
0.000937
0.001017
0.001352
0.000935
0.001183
0.001037
0.000973
0.001094
0.001133
0.000949
0.001375
0.032493
0.001316
0.000908
0.001563
0.002359
0.001396
0.001165
0.001382
0.001021
