677.782288
468.230560
571.853394
706.713806
539.228882
538.531982
603.937683
469.263245
540.131775
119.948662
525.182495
675.128296
600.312134
506.713959
682.221313
490.364349
689.797913
571.722595
474.405792
507.125122
453.494171
484.707489
449.802094
513.188965
463.606873
675.949707
500.450409
502.815765
346.320343
273.470612
580.888733
304.553070
311.497375
460.193268
470.809784
460.320374
603.864746
684.884583
679.763428
352.460175
584.214539
669.030579
436.585907
564.684631
528.150391
700.770874
648.971375
422.047791
675.219421
579.206482
687.521484
529.661011
469.285278
572.836121
532.679932
567.021973
669.657776
621.504028
593.366150
566.411804
606.097351
380.517517
428.908417
500.826355
615.991150
508.672882
566.957703
512.321350
533.617920
488.185913
483.465485
525.099792
587.061157
469.131165
386.339050
489.548157
515.729736
96.601555
355.859222
347.354889
473.260773
363.543823
579.172913
583.941589
499.775116
470.300537
113.231049
573.263000
317.258881
433.256805
307.493622
557.320374
138.696259
502.108856
604.997253
602.155701
510.047943
352.286346
155.070007
489.979919
