0.003707
0.003538
0.004569
0.003790
0.003409
0.008094
0.004452
0.003732
0.003809
0.004068
0.003779
0.004070
0.003767
0.003736
0.003786
0.003960
0.003268
0.004240
0.003776
0.006995
0.007227
0.008125
0.007535
0.006444
0.004396
0.003633
0.003998
0.003295
0.004300
0.003414
0.003663
0.004398
0.003269
0.004394
0.003982
0.004141
0.003773
0.006134
0.004395
0.004507
0.003340
0.003761
0.004501
0.003744
0.003765
0.003929
0.003449
0.004424
0.003533
0.004564
0.004132
0.004589
0.004108
0.003536
0.004779
0.003587
0.004003
0.003990
0.006258
0.004893
0.004055
0.004044
0.003797
0.003766
0.003153
0.003855
0.004599
0.003819
0.004164
0.003604
0.003658
0.004124
0.003656
0.003193
0.003827
0.003794
0.004084
0.004312
0.003309
0.004419
0.005481
0.004910
0.003679
0.004086
0.003911
0.003908
0.003582
0.004677
0.003702
0.003872
0.003773
0.004244
0.003877
0.004347
0.003823
0.004070
0.004339
0.004366
0.003307
0.004036
