0.077779
0.077024
0.075703
0.075313
0.086617
0.084296
0.105188
0.093404
0.078889
0.097052
0.083189
0.089005
0.124138
0.119421
0.100688
0.079060
0.093795
0.089250
0.076172
0.088204
0.077894
0.103859
0.089781
0.100829
0.123544
0.122073
0.095267
0.095776
0.113054
0.108424
0.098741
0.136286
0.186430
0.114518
0.085488
0.098943
0.089438
0.081398
0.092062
0.089564
0.097892
0.103242
0.092420
0.110623
0.151998
0.103942
0.084289
0.118587
0.149419
0.127741
0.093659
0.082130
0.082099
0.097602
0.122159
0.093193
0.127357
0.095125
0.090038
0.101771
0.094640
0.099123
0.089880
0.097909
0.084055
0.085258
0.081929
0.083705
0.084165
0.081203
0.084329
0.080503
0.082540
0.081706
0.082727
0.080569
0.083780
0.080218
0.082841
0.081415
0.082190
0.082105
0.114364
0.103652
0.126436
0.081201
0.079401
0.083360
0.084629
0.087144
0.090461
0.089958
0.087794
0.087715
0.084922
0.079480
0.079894
0.078970
0.078833
0.079282
