8.767608
8.921934
8.941131
8.766007
9.156629
9.147299
9.103729
9.074094
8.879841
9.169361
8.884491
8.926565
8.993234
8.970185
9.033583
9.131763
8.916138
8.774217
8.961864
9.041763
8.930070
9.021701
8.892014
9.418887
8.911140
8.824929
8.894925
8.782990
9.063248
8.751483
9.134568
8.833159
8.273033
8.371283
8.766775
9.048462
8.288455
6.977990
7.681459
5.934275
6.118947
5.779812
5.864206
8.769211
8.395532
8.169960
8.857002
8.434871
9.065897
9.851522
13.215543
12.448894
8.883479
8.830238
8.692225
8.945194
7.918077
7.355238
7.630184
7.576645
5.990817
7.230258
7.652287
7.953995
8.662211
7.209235
8.673837
11.441329
11.132751
8.509435
8.742363
9.207691
13.355326
12.922778
13.284489
11.883704
13.444440
13.096031
12.909448
13.005624
13.219082
13.554113
13.446083
13.217752
13.579309
13.221742
12.862667
13.612774
13.151223
13.332999
13.571827
13.352666
13.485988
13.196224
13.175723
13.236800
13.011273
12.243275
13.017231
12.881530
