1114.704455
1127.384289
1099.991468
1125.172142
1105.590461
1114.480867
1063.719953
1085.650980
1094.339350
1114.270620
1075.770014
1072.849104
1081.125755
1095.246179
1066.048169
1088.788989
1095.937770
1087.517675
1097.901688
1045.634501
1085.370355
1112.517332
1097.409376
1092.860646
1099.385441
1072.858947
1077.101857
1026.987895
1087.202891
1091.978311
1115.669032
1079.780139
1067.224503
1079.173562
1085.178445
1065.016804
1105.246173
1125.227280
1095.688043
1094.625619
1081.392375
1103.777671
1085.826406
1090.438277
1090.760992
1089.144383
1099.804565
1073.917365
1086.222036
1098.789047
1121.046803
950.575552
783.617873
763.999592
752.267354
766.594818
814.905791
1034.726441
897.977708
835.769620
789.365039
750.593651
765.461507
756.167703
762.346944
753.641828
748.628929
750.752725
749.014039
748.578695
1086.996388
1251.090889
1272.603988
1149.764456
1103.097021
1121.479810
1116.640770
1118.666961
1075.285614
1120.621763
1094.795754
1088.989535
1110.798726
1104.667117
1101.461640
1116.541542
1084.206152
1092.829732
1091.546847
1106.007721
1107.261827
1083.080827
1096.106558
1102.715301
1057.878729
1098.152219
1083.531203
1091.163838
1109.049505
1107.750424
