994.470764
707.258606
727.299194
894.126465
1040.593506
995.074402
367.782288
1076.901489
1129.649902
816.359863
234.517181
889.568909
1035.754272
1008.542358
1053.396729
1070.893066
501.917328
1084.575195
970.920898
944.849182
676.901428
1233.167236
1024.243896
1211.812744
1191.483276
1178.647583
768.586365
1257.608521
1039.652344
415.296204
1258.431519
1117.843018
1201.403198
1213.518555
1245.469604
1206.971436
1218.783936
871.976440
1208.269409
1253.761230
1211.298950
705.920532
1237.914917
1245.283447
1254.296021
1226.828247
1056.088867
926.938721
1058.301880
971.807861
1238.190796
106.563683
129.357407
945.724854
875.886841
703.244751
1014.600098
748.508606
911.236450
926.680969
686.742432
984.106689
893.934631
581.584717
779.593384
460.655426
633.982727
807.265381
903.971130
1188.890991
818.886780
1235.010010
868.063110
1256.123657
1169.522217
1254.768066
897.359985
1189.753784
1181.334961
1188.975830
1071.375000
1153.509033
1239.556763
1202.833862
1048.031250
1200.004761
1033.858887
1263.727295
1244.106079
754.973389
1249.016357
1243.023560
1070.400269
1227.415527
1236.124512
389.968445
1246.447632
1180.442383
1233.943359
1209.511597
