0.000578
0.000677
0.000573
0.000571
0.000681
0.000606
0.000582
0.000659
0.002634
0.000580
0.000565
0.000646
0.000606
0.000554
0.000570
0.000629
0.000586
0.000654
0.000726
0.000654
0.000612
0.000610
0.000667
0.000666
0.000661
0.000612
0.001045
0.000073
0.000855
0.000660
0.000559
0.000703
0.000853
0.000544
0.000550
0.000544
0.000574
0.000541
0.000703
0.000693
0.000709
0.000578
0.000952
0.000567
0.000544
0.000528
0.000569
0.000693
0.000547
0.000549
0.000718
0.000545
0.000548
0.000558
0.000548
0.000579
0.000819
0.000570
0.000548
0.000650
0.000547
0.000550
0.000569
0.000549
0.000570
0.000590
0.000585
0.000571
0.000830
0.000569
0.000561
0.000671
0.000581
0.000545
0.000651
0.000526
0.000567
0.000526
0.000528
0.000535
0.000532
0.000552
0.000566
0.000508
0.000609
0.000545
0.000529
0.000509
0.000640
0.000602
0.000566
0.000565
0.000570
0.000551
0.000574
0.000575
0.002008
0.000636
0.000605
0.000612
