184.089676
172.949646
187.037338
55.168938
180.541824
173.643341
183.833878
184.297516
169.320053
160.756668
154.040726
70.224373
118.135513
100.203987
148.598297
153.095322
152.948883
163.975830
150.204758
193.001343
157.742966
188.907181
177.738190
110.505898
178.677902
176.927704
161.939880
179.555817
183.502365
170.391281
180.872421
173.608582
175.206680
155.395187
166.452835
109.258858
100.171310
177.660629
185.183121
158.584381
188.324875
179.475693
164.356827
179.843536
194.807068
181.284180
169.810654
184.754089
170.298538
98.449615
151.778793
180.266022
196.656097
189.872391
190.299011
161.333511
180.446304
188.995117
151.982895
190.545654
175.073700
175.127853
186.333038
155.142883
69.363113
167.884140
170.551193
164.731354
91.641960
190.647308
174.409546
162.286179
164.251434
177.818207
175.261612
178.673874
176.800201
176.928711
125.694160
132.645599
123.276001
176.375641
181.688553
190.443832
160.446350
191.860840
176.280624
164.730743
204.458710
157.045639
193.290573
155.637009
189.864136
96.416588
150.783737
201.042572
156.127029
156.298035
153.327484
169.097534
