0.156117
0.090055
0.092047
0.088083
0.091453
0.091143
0.104883
0.090845
0.078118
0.088245
0.079833
0.078012
0.088233
0.078339
0.077537
0.088658
0.077159
0.078387
0.106264
0.090372
0.108822
0.095803
0.133031
0.080445
0.082528
0.124189
0.113764
0.102094
0.078315
0.076376
0.073501
0.073201
0.077066
0.075223
0.073302
0.123382
0.076687
0.075943
0.073459
0.073847
0.073677
0.075916
0.137251
0.103913
0.091998
0.093288
0.089026
0.092291
0.092657
0.090225
0.091425
0.101052
0.101966
0.088283
0.088206
0.092477
0.089350
0.088970
0.088653
0.093729
0.088683
0.089103
0.088698
0.119517
0.088735
0.108693
0.092720
0.088103
0.111498
0.089469
0.089370
0.088522
0.088652
0.092799
0.103854
0.092057
0.100047
0.090669
0.089494
0.254531
0.092591
0.088806
0.113034
0.108595
0.104883
1.251899
0.088562
0.090106
0.089910
0.088822
0.093209
0.090156
0.088882
0.125598
0.092878
0.149420
0.117946
0.088827
0.087482
0.103749
