6.022585
5.668704
5.582547
10.617809
9.632212
6.102915
6.579073
5.680853
5.606954
5.365714
5.601205
6.398083
5.813685
6.477905
5.965627
5.196503
5.905923
5.689588
6.695214
6.803538
6.374483
5.880343
5.213011
5.612717
5.702548
6.272715
5.661931
5.364608
6.172740
6.080340
6.220200
5.775241
5.908494
6.303017
5.585065
5.625449
5.704692
5.266110
6.205384
5.310977
5.775388
6.365683
5.742661
5.714539
6.112095
6.394981
6.165351
6.146878
5.664960
6.362775
5.473017
5.555257
5.394363
5.584731
5.410342
6.026235
5.166459
5.178956
4.999073
5.275323
5.297947
5.715313
5.154105
5.629106
6.328782
5.410831
6.925702
4.941179
5.295447
5.546524
5.669472
5.626072
6.197432
5.579715
5.163023
6.068562
5.437691
5.616482
6.469579
5.479309
6.132429
5.341585
13.704935
6.717433
5.111262
5.853696
5.836194
4.965134
6.410821
5.009376
5.780075
5.411667
5.652909
5.213054
5.869523
5.613354
5.393513
5.735940
5.477814
5.962058
