0.003561
0.003686
0.003632
0.003453
0.006267
0.004671
0.004186
0.003386
0.003823
0.004770
0.003519
0.003626
0.003941
0.004144
0.003319
0.003492
0.003520
0.004290
0.003509
0.003391
0.003477
0.003101
0.003522
0.003068
0.003116
0.003361
0.003843
0.004133
0.005242
0.009317
0.004417
0.006572
0.004444
0.003775
0.003418
0.004312
0.004368
0.004691
0.020575
0.003938
0.003856
0.003663
0.003996
0.004025
0.003793
0.003616
0.009805
0.004891
0.017132
0.004491
0.004187
0.005280
0.004325
0.003787
0.003699
0.003630
0.004217
0.017482
0.004443
0.006580
0.003618
0.003694
0.003250
0.003657
0.003149
0.003359
0.003226
0.003251
0.004608
0.004521
0.004635
0.003982
0.003358
0.003614
0.003958
0.008231
0.003610
0.004117
0.003507
0.003778
0.004186
0.004423
0.005507
0.003878
0.003669
0.003794
0.004434
0.003991
0.003968
0.004035
0.004004
0.004111
0.004196
0.003515
0.003558
0.003806
0.004177
0.004835
0.065644
0.005157
