0.045653
0.044547
0.051831
0.056284
0.060001
0.058646
0.050293
0.096750
0.057948
0.062337
0.062498
0.037536
0.054510
0.048647
0.417719
0.050682
0.065736
0.109534
0.071892
0.103670
0.051648
0.057893
0.060093
0.052625
0.059805
0.053196
0.048143
0.046559
0.092145
0.093727
0.046955
0.072317
0.052913
0.052411
0.050829
0.050884
0.050506
0.050520
0.045186
0.072415
0.043823
0.044480
0.044717
0.051448
0.045280
0.051025
0.051821
0.051697
0.067572
0.058801
0.153551
0.082988
0.057673
0.056954
0.049050
0.073062
0.057846
0.056581
0.050570
0.048416
0.049440
0.049926
0.055374
0.055301
0.054266
0.072654
0.057991
0.054910
0.049328
0.056363
0.056037
0.066036
0.055175
0.054574
0.058369
0.050154
0.055603
0.051726
0.056005
0.051689
0.056017
0.073985
0.057583
0.054890
0.054820
0.051514
0.055865
0.061784
0.070783
0.061351
0.069933
0.064929
0.069628
0.069919
0.059801
0.059091
0.085253
0.049756
0.052216
0.053789
