0.000464
0.000312
0.000286
0.000332
0.000287
0.000781
0.000320
0.000309
0.000265
0.000308
0.000274
0.000274
0.000240
0.000291
0.000289
0.000268
0.000276
0.000100
0.000419
0.000391
0.000367
0.000291
0.000375
0.000542
0.000355
0.000334
0.000330
0.000330
0.000457
0.000330
0.000351
0.000333
0.001053
0.000385
0.000327
0.000254
0.000379
0.000337
0.000303
0.000339
0.000308
0.000328
0.000364
0.000292
0.000247
0.000218
0.000210
0.000261
0.000221
0.000223
0.000225
0.000258
0.000257
0.000357
0.000428
0.000377
0.000300
0.000360
0.000380
0.000252
0.000491
0.000275
0.000235
0.000330
0.000491
0.000276
0.000407
0.000337
0.000298
0.000270
0.000268
0.000274
0.000346
0.000268
0.000266
0.000297
0.000276
0.000280
0.000384
0.000294
0.000297
0.000282
0.000228
0.000310
0.000434
0.000313
0.000306
0.000289
0.000294
0.000829
0.000722
0.000321
0.000409
0.000310
0.000398
0.000283
0.000769
0.000792
0.000283
0.000247
