0.000639
0.000856
0.000886
0.000554
0.000503
0.000508
0.000693
0.000719
0.000697
0.000844
0.000540
0.000253
0.000468
0.000481
0.000479
0.000508
0.000506
0.000537
0.000560
0.000504
0.000464
0.000481
0.000463
0.000507
0.000468
0.000461
0.000519
0.003774
0.000541
0.000601
0.000817
0.000742
0.000782
0.001025
0.000665
0.001474
0.000663
0.000869
0.000646
0.000618
0.000746
0.000675
0.000614
0.000675
0.000676
0.000619
0.000643
0.000735
0.000703
0.000669
0.000738
0.000654
0.000704
0.000721
0.000652
0.000629
0.000672
0.000690
0.000690
0.000619
0.000689
0.000681
0.000614
0.000811
0.000636
0.000638
0.000737
0.000645
0.000675
0.000616
0.000620
0.000789
0.000649
0.000615
0.000748
0.000072
0.000653
0.000671
0.000690
0.000667
0.000621
0.000606
0.000663
0.000673
0.000677
0.000639
0.000636
0.000649
0.000616
0.001245
0.000684
0.000622
0.000585
0.000678
0.000950
0.000658
0.000617
0.000656
0.000647
0.000625
