0.088861
0.071027
0.094393
0.077069
0.072470
0.071307
0.070086
0.352538
0.071845
0.077131
0.079336
0.115841
0.245440
0.126263
0.081775
0.107054
0.079331
0.073996
0.119112
0.280914
0.110255
0.071176
0.086145
0.094457
0.076137
0.156179
0.026820
0.080356
0.080910
0.077946
0.084859
0.078065
0.092492
0.072430
0.117027
0.072872
0.092914
0.072944
0.078693
0.078366
0.070884
0.070493
0.084028
0.077076
0.178391
0.077839
0.084608
0.070588
0.074926
0.078828
0.076974
0.118706
0.103422
0.096286
0.102393
0.123545
0.095781
0.115839
0.104245
0.081767
0.087943
0.125537
0.080216
0.084091
0.085471
0.094555
0.088206
0.190754
0.088738
0.102820
0.079154
0.087453
0.078729
0.093212
0.086757
0.108477
0.088804
0.087094
0.085640
0.088988
0.092885
0.086699
0.084904
0.084615
0.078843
0.077993
0.101476
0.111973
0.094655
0.094512
0.106266
0.085695
0.084660
0.085815
0.096985
0.101067
0.076973
0.078060
0.083395
0.110022
