0.487815
0.423972
0.339859
0.604975
0.365806
0.347153
0.415864
0.343192
0.360597
0.618992
0.420573
0.338113
0.416346
0.432462
0.104906
0.919362
0.375362
0.397152
0.664345
0.383741
0.372072
1.163583
0.725708
0.374745
0.677534
0.348164
0.254743
0.360146
0.317936
0.349106
0.341607
0.313880
0.294591
0.289039
0.334690
0.455523
0.347474
0.394170
0.338688
0.341349
0.430601
0.549156
0.388719
0.417431
0.393144
0.408368
0.382843
0.404230
0.375493
0.407436
0.478032
0.599521
0.372473
0.402494
0.372000
0.401851
0.370974
0.399658
0.365101
0.230225
0.365326
0.495175
0.377874
0.428302
0.370762
0.493837
0.368436
1.083084
0.366237
0.403837
0.366931
0.469885
0.567682
0.422053
0.856873
0.865136
0.476629
0.418337
0.453988
0.453828
0.410750
0.325226
0.302117
0.294523
0.308228
0.363795
0.283662
0.290049
0.289639
0.287389
0.285415
0.372003
0.412177
0.616563
0.351106
0.346121
0.336904
0.334770
0.475993
0.336715
