2.801328
4.458425
2.861313
3.445526
3.843129
5.588662
7.212272
4.119618
4.310461
3.142465
3.088608
3.169743
3.417191
5.175311
2.408786
3.156693
5.645666
5.991575
4.176301
3.698239
3.119348
4.688846
4.733649
4.353272
7.300214
6.154251
8.219706
4.059001
5.480861
4.350019
3.986757
4.377727
3.656509
3.293464
2.831283
3.455836
2.326004
6.496509
8.127416
5.142334
2.903199
3.292421
2.812117
4.344062
2.589544
2.987367
3.694515
2.938341
4.798816
3.326257
3.425998
4.175040
4.254920
3.021946
3.113063
3.046823
3.308183
3.243689
3.065347
3.342745
3.860892
3.531231
4.111176
3.900703
2.895851
3.158708
3.148082
3.880299
3.809955
3.131855
3.220077
3.176314
4.254498
2.593399
3.122862
3.869484
2.566016
3.432478
2.514155
2.528652
2.764311
3.298947
3.055170
4.088937
3.803038
4.162948
4.845712
3.824845
5.108790
5.085763
7.712097
6.030960
5.799550
7.811753
5.624586
4.947430
3.820637
6.490137
5.431860
5.289860
