0.000279
0.000256
0.000387
0.000285
0.000261
0.000332
0.000435
0.000514
0.000371
0.000386
0.000359
0.000359
0.000370
0.000311
0.000215
0.000313
0.000435
0.000315
0.000379
0.000597
0.000413
0.000784
0.000318
0.000641
0.000348
0.000324
0.000574
0.000348
0.000356
0.000356
0.000362
0.000238
0.000249
0.000328
0.000415
0.000477
0.000584
0.000369
0.000422
0.000323
0.000373
0.000150
0.000297
0.000366
0.000363
0.000419
0.000377
0.000317
0.000344
0.000360
0.000244
0.000259
0.000421
0.000350
0.000360
0.000660
0.000330
0.000346
0.000429
0.000312
0.000169
0.000335
0.000426
0.000360
0.000264
0.000365
0.000435
0.000338
0.000339
0.000280
0.000252
0.000318
0.000356
0.000421
0.000664
0.000404
0.000370
0.000378
0.000216
0.000310
0.000342
0.000371
0.000290
0.000307
0.000280
0.000265
0.000257
0.000343
0.000242
0.000254
0.000290
0.000270
0.000251
0.000315
0.000389
0.000404
0.000403
0.000298
0.000217
0.000380
