0.000378
0.000524
0.000636
0.000486
0.001160
0.000503
0.000351
0.000430
0.000361
0.000389
0.000385
0.000393
0.000440
0.000327
0.000442
0.000366
0.000375
0.000409
0.000380
0.000387
0.000409
0.000471
0.000399
0.000449
0.000381
0.000375
0.000547
0.000421
0.000371
0.000411
0.000379
0.000320
0.000494
0.000353
0.000360
0.000564
0.000557
0.000521
0.000543
0.000540
0.000490
0.000449
0.000431
0.000347
0.000381
0.000440
0.000464
0.000458
0.000417
0.000381
0.000398
0.000486
0.000416
0.000490
0.000385
0.000395
0.000439
0.000535
0.000347
0.000418
0.000442
0.000364
0.000437
0.000341
0.000434
0.000315
0.000487
0.000316
0.000452
0.000396
0.000369
0.000434
0.000402
0.000476
0.000431
0.000383
0.000361
0.000393
0.000348
0.000369
0.000447
0.000364
0.000401
0.000385
0.000342
0.000342
0.000435
0.000340
0.000433
0.000419
0.000396
0.000477
0.000309
0.000368
0.000383
0.000319
0.000381
0.000454
0.000383
0.000424
