0.128987
0.151536
0.127256
0.068622
0.131217
0.154984
0.111774
0.105357
0.112786
5.607602
0.116315
0.107801
0.116191
0.087988
0.083002
0.180677
0.298640
0.113897
0.093198
0.111881
0.151292
0.080071
0.073596
0.095332
0.075677
0.072884
0.141256
0.190799
0.075537
0.071981
0.076085
0.074158
0.075691
0.073793
0.085291
0.072983
0.075054
0.125729
0.134920
0.074354
0.114297
0.088225
0.085678
0.083789
0.083962
0.084066
0.082613
0.107717
0.103136
0.093435
0.121782
0.092079
0.131675
0.085133
0.087013
0.083550
0.082106
0.103966
0.082338
0.082333
0.101083
0.085311
0.086725
0.086219
0.083000
0.122076
0.098017
0.095320
0.111660
0.106924
0.107162
0.106876
0.107342
0.129605
0.110463
0.111345
0.093136
0.106575
0.093695
0.094930
0.110798
0.092510
0.107873
0.096578
0.244983
0.100546
0.112810
0.093775
0.066342
0.098194
0.134232
0.086305
0.192623
0.120007
0.086097
0.086588
0.118157
0.086995
0.108187
0.082263
