1421.109375
2650.327148
2976.184326
1765.845337
1463.177002
2659.128174
2725.904541
3144.707520
1879.988647
1990.798950
1749.879517
1909.540527
1694.880737
2010.958130
2564.251709
2411.056152
2199.467529
2563.877686
2260.469971
2196.222412
2281.944824
2101.845703
2402.208984
1641.452637
1487.822876
1597.569092
1698.919556
3013.504150
2139.241455
2641.229248
2397.925781
2654.656982
2149.533691
2588.676514
2317.653320
2373.334473
2391.328369
2112.286133
2420.352783
3036.374023
2459.613770
1687.066650
2333.623291
2324.961670
2369.346436
2464.686523
2264.555420
2184.377197
2742.117188
2242.851074
2254.986084
2322.570801
2662.676270
2158.362061
2573.369385
2075.466064
3076.572754
2550.378174
2557.614746
2717.251709
2212.693848
2512.445312
2070.360840
2346.089600
2586.172607
2126.118408
2585.163574
2246.484863
2424.585205
1577.281372
912.522095
1060.891968
2693.856689
2175.275879
2476.917725
2265.130859
2469.889648
2650.265381
2492.028076
2953.678467
2468.422607
2995.688232
2836.889893
1727.872559
2002.837646
1860.219727
1735.982178
2163.033447
1688.366699
2286.320068
2181.567383
2499.349609
2334.802734
2540.447021
2551.665527
1234.668457
2071.637207
2155.231934
2432.756104
2288.949219
