0.000702
0.000605
0.000564
0.000547
0.000549
0.000572
0.000606
0.000587
0.000741
0.000617
0.000616
0.000682
0.000815
0.001043
0.000779
0.001299
0.000663
0.000921
0.001229
0.000845
0.000913
0.000675
0.000759
0.000892
0.006699
0.000948
0.001196
0.000710
0.000682
0.000780
0.000792
0.000668
0.000657
0.000777
0.001020
0.001028
0.001074
0.000664
0.000633
0.000652
0.000626
0.000631
0.000315
0.000941
0.000680
0.000658
0.000801
0.000722
0.000672
0.000648
0.000627
0.000634
0.000628
0.000639
0.000626
0.001287
0.000655
0.001045
0.000673
0.000652
0.000648
0.000649
0.000643
0.000833
0.000648
0.000630
0.000654
0.000634
0.000651
0.000631
0.000661
0.000843
0.000673
0.000660
0.000814
0.000746
0.000808
0.000652
0.000674
0.000799
0.000650
0.000663
0.000811
0.000633
0.000800
0.000944
0.000782
0.000643
0.000961
0.001119
0.000708
0.000864
0.000631
0.000631
0.000653
0.000632
0.000793
0.000915
0.000853
0.000637
