8.319950
10.224795
8.700614
7.298945
7.709222
9.558729
5.930164
5.835965
5.763595
6.372876
10.296782
14.364614
8.225248
6.294079
6.663042
7.040008
5.472914
5.457915
6.493949
6.041687
5.770135
5.827136
5.604484
10.980060
5.452716
5.648282
6.195526
5.119495
5.482247
7.120171
7.164738
7.345495
7.720514
7.421444
16.765833
5.518706
6.442762
6.135612
6.959972
6.736725
7.321491
7.642779
7.784927
7.174052
5.087050
10.928008
10.471202
5.143001
5.752265
6.496034
5.872405
5.895011
5.130786
5.780980
6.712167
6.233224
6.116316
5.398247
13.473017
16.653269
5.199258
6.880261
5.592635
5.516938
5.256134
6.723170
5.291991
5.964984
4.327861
6.825020
7.607492
6.242724
5.599858
5.496915
6.416979
5.534292
4.788064
4.995727
6.515791
5.521000
5.991035
6.487612
8.010094
8.213206
6.370485
5.295661
7.757388
7.227631
5.499295
5.393061
6.297601
5.915247
5.842099
9.058681
9.876937
5.816198
6.235638
5.579686
5.208056
7.160926
