1896.435669
2153.056396
21238.636719
2236.961426
2126.953613
2147.226807
1863.786987
1735.897095
1599.534180
1615.013184
1177.906250
2624.878662
2693.856689
1662.142822
2047.694946
2298.385498
1508.661987
1698.845581
742.815125
962.800293
1691.080200
1645.467529
2286.785889
2136.962158
2320.616455
2048.282227
1715.159912
2175.857178
3329.715088
2094.648682
2103.359131
1806.188721
4497.515137
2191.021973
1648.399658
2256.506104
2136.131348
32055.392578
2124.815918
2363.870605
1614.554199
2124.134521
2368.775635
2118.119141
2359.959961
2159.803955
2214.971924
2361.765869
1984.331665
2079.378174
1806.668457
11974.614258
2676.351562
1927.142456
2710.996826
2467.783203
2863.081787
2670.262695
2033.594971
5595.814453
2159.053223
2331.969971
2641.728760
2187.422852
2169.018555
2064.972168
2176.993896
2170.030518
2172.472656
2110.203369
2172.873779
2122.114990
2879.670166
2182.295898
2376.736572
1591.705322
2317.583008
1007.064575
2089.829102
1587.568726
1748.707275
1925.024170
1179.231323
1701.617920
2162.611084
1384.830566
2181.381836
1966.889404
2257.458740
2145.535889
2388.339111
1634.115112
2345.732910
1081.270508
51101.230469
1419.700317
1746.770630
2336.961914
2377.827148
2688.930908
