414.610901
557.382507
689.893066
696.524353
522.575256
690.750854
660.414734
574.745667
561.987183
548.877563
214.675201
584.795349
223.838837
661.725769
880.979675
657.938049
769.408325
651.211243
729.660706
564.652710
446.907410
780.518250
49.621143
603.027222
962.186096
909.918091
812.149780
838.433777
208.133865
705.965393
738.334290
913.492310
947.418274
830.357910
727.643188
533.959839
607.201416
641.477966
698.616760
798.594482
447.187195
676.681580
5000000.000000
770.178711
854.773926
866.175842
671.952698
706.114929
599.592285
595.273499
549.269470
799.104980
826.582886
853.825134
554.600403
871.839600
705.766113
859.993103
854.043884
703.828857
591.891113
818.933777
813.074219
655.995789
771.545410
606.722473
652.485962
761.556641
668.181213
725.268372
634.558044
835.073059
721.969543
750.750732
728.119995
853.387939
700.378174
776.578369
736.648254
746.324341
623.752502
624.804749
715.307556
835.910706
649.350647
720.357300
738.879883
465.354370
856.164368
853.825134
871.763550
857.118347
767.341919
670.870789
829.393738
775.374146
624.765686
717.617493
452.059143
727.061218
