0.028900
0.025104
0.017610
0.017769
0.035056
0.024923
0.034609
0.035406
0.024623
0.030583
0.047154
0.028176
0.028886
0.024681
0.010634
0.024446
0.040087
0.030280
0.034615
0.028471
0.037532
0.031270
0.021870
0.021564
0.021334
0.025016
0.027171
0.038172
0.021935
0.023703
0.022824
0.075116
0.023036
0.025018
0.022750
0.025787
0.021704
0.021282
0.021576
0.021310
0.021500
0.025239
0.025254
0.027930
0.026230
0.023599
0.023350
0.035313
0.025064
0.267612
0.021409
0.023024
0.050100
0.020495
0.030812
0.023229
0.018626
0.027240
0.027105
0.029843
0.028253
0.022281
0.032289
0.068330
0.032779
0.021165
0.023593
0.024920
0.023190
0.027690
0.025350
0.031986
0.031133
0.028646
0.024588
0.031639
0.030665
0.030824
0.025266
0.029918
0.030810
0.019654
0.023488
0.024348
0.023618
0.020727
0.019469
0.018926
0.023169
0.023209
0.020191
0.020027
0.019822
0.019791
0.022690
0.018768
0.021755
0.029361
0.019267
0.019010
