0.001483
0.001417
0.002556
0.018677
0.001267
0.001211
0.001236
0.001442
0.001216
0.001488
0.001271
0.001733
0.001630
0.001416
0.001470
0.001347
0.001468
0.001121
0.001619
0.001232
0.001697
0.001484
0.001594
0.014592
0.001874
0.001498
0.001341
0.002524
0.001734
0.001954
0.001252
0.001497
0.001606
0.001317
0.001430
0.001518
0.001169
0.001304
0.001113
0.001123
0.001092
0.001214
0.001123
0.001476
0.001112
0.001120
0.001177
0.001115
0.001152
0.001116
0.001431
0.001323
0.002709
0.001236
0.001393
0.001379
0.001154
0.001533
0.001184
0.001376
0.001100
0.001137
0.002692
0.001127
0.001159
0.001130
0.001232
0.001487
0.001122
0.001423
0.001151
0.001590
0.001562
0.001158
0.001394
0.001147
0.001108
0.001192
0.001231
0.001155
0.001296
0.001241
0.001452
0.001178
0.001189
0.001317
0.001362
0.001091
0.001117
0.001116
0.001427
0.001491
0.001179
0.001448
0.001224
0.001447
0.001133
0.001168
0.001147
0.001319
