0.860183
0.877011
1.503761
1.562718
0.687345
2.631232
1.000178
1.080588
1.871107
0.893236
0.979949
1.416123
1.187937
1.546216
0.883877
0.553049
0.867408
0.866713
0.865517
0.873072
0.951083
0.812261
0.867973
0.950267
0.667039
0.647722
0.706465
0.706250
0.539010
0.184050
0.593384
0.608516
0.695242
0.838946
0.649667
0.854524
0.660050
0.934838
0.993845
0.892655
0.984054
0.857123
1.049106
1.615751
0.850736
0.496462
0.854972
0.993476
0.901774
0.912571
1.061736
0.886628
0.854330
1.022754
1.437443
0.913001
0.874244
0.872555
0.876785
0.916069
3.120166
0.731333
0.752571
0.770619
8.091888
1.245076
1.452049
0.736596
1.333733
1.128795
0.797619
0.605284
0.571672
0.391609
0.571909
0.616233
0.920397
0.909539
0.659582
0.704539
0.659272
0.661376
0.658474
0.915818
0.545428
0.664249
0.405061
0.702296
0.909174
1.743722
0.862524
0.905758
0.443680
0.859726
0.618492
0.861647
0.712257
0.936810
0.847385
0.873332
