0.000524
0.000614
0.000444
0.000442
0.000568
0.000441
0.000133
0.000748
0.001228
0.000834
0.000460
0.000493
0.000504
0.000451
0.000151
0.000534
0.002868
0.000701
0.000515
0.000467
0.000425
0.000461
0.000442
0.000563
0.000509
0.000443
0.000463
0.000437
0.000405
0.000399
0.000375
0.000409
0.000402
0.000373
0.000397
0.000392
0.000476
0.000940
0.000570
0.000474
0.000429
0.000442
0.000428
0.000468
0.000570
0.000530
0.000587
0.000894
0.000470
0.000425
0.000602
0.000425
0.000473
0.000561
0.000581
0.000964
0.000743
0.000489
0.000461
0.000602
0.000449
0.000575
0.000608
0.000520
0.000481
0.000524
0.000462
0.000498
0.000482
0.000460
0.000561
0.000467
0.000425
0.000354
0.000419
0.000567
0.000538
0.000391
0.000448
0.000386
0.000429
0.000413
0.000495
0.000605
0.000443
0.000495
0.000437
0.000468
0.000426
0.000463
0.000438
0.000545
0.000491
0.000497
0.000478
0.000371
0.000470
0.000492
0.000164
0.000491
