954.508118
1077.690674
1076.217773
1073.445068
1156.831665
1185.199219
757.225830
1111.049438
1175.834229
1090.429321
1550.964722
1269.116089
1260.922729
990.148010
901.363770
1277.955322
948.478638
1507.340698
1517.542847
1089.146606
1262.945190
1348.326782
1177.495728
1250.203125
1316.499634
754.848022
1217.181763
1483.767578
1505.162720
1459.300171
1285.148804
907.918884
1487.962402
1464.858032
1617.939697
1567.127930
1518.234009
1551.710815
1514.142090
1162.479858
828.136780
1418.560425
1499.925049
1340.608398
1197.461426
1456.770386
1624.906616
1613.137451
1636.393433
1513.019531
1524.367065
1522.301758
1567.177002
1137.436401
1613.241455
752.609680
1503.668945
1506.750244
1582.904663
1513.752441
1009.907166
1636.125610
1842.536865
1771.887207
1658.814941
1763.730591
1393.786499
1131.669800
1259.334839
1853.361938
1743.466309
1843.589844
1735.839844
1855.081055
1475.100342
1151.476807
1599.488159
1610.098511
1576.640503
1625.646240
1619.197144
1575.100830
1620.535400
1564.675903
1262.211914
1319.783569
1313.042480
1094.954468
1426.411377
1305.380737
1544.711670
1560.281494
1564.210815
1608.880981
1610.487549
1614.387451
1397.741211
1316.672974
1046.627197
1467.093140
