258.346887
216.323057
276.303264
223.365393
284.455189
221.958173
224.828526
249.076088
226.726910
236.799515
289.137105
305.736425
280.832638
280.090432
288.464305
308.627390
431.078643
369.984570
416.027017
388.268858
412.825799
428.633213
396.231980
370.484696
400.967478
527.760258
707.366469
498.086578
414.140389
478.073176
383.897350
303.092273
355.979177
296.418445
348.243217
466.692388
449.201928
349.036224
358.128058
360.602832
388.848969
353.599886
326.951742
283.804122
283.258427
285.702678
287.865027
278.771389
324.830294
295.700391
302.292674
283.769595
310.556172
288.527143
289.566609
292.766662
286.960405
282.471179
289.771819
293.898719
288.068010
290.450655
296.486751
294.091491
280.968051
284.933092
288.138989
276.246609
282.767198
314.539540
331.470834
415.735313
291.879259
383.481766
396.658363
337.515867
338.929459
293.627202
290.071504
292.705584
295.541514
297.027764
295.127242
286.666716
285.305092
300.969205
279.102451
291.492059
289.558505
302.054987
294.778194
284.561446
284.086305
292.079985
292.248380
276.120813
345.682729
241.597036
200.216042
190.255625
