1.906593
1.867267
2.704211
2.572715
1.692110
1.173310
1.862700
2.870517
2.244464
3.485330
1.735540
1.905105
1.733666
2.208875
1.913943
1.954364
1.822453
2.094438
1.852321
2.029698
1.888260
1.894069
1.655335
1.662396
1.801469
6.352819
1.999561
1.890448
3.743323
2.216062
4.422188
4.142347
2.208657
2.975407
5.705393
3.320416
1.542284
2.648028
2.810127
1.599461
2.132817
2.101779
1.609824
1.881526
1.696602
4.159259
4.534362
2.753663
1.999092
1.526233
1.640885
1.765247
1.790367
1.912685
1.951639
1.913145
2.051376
1.604479
1.933747
2.087381
1.848349
1.828366
2.638537
1.903856
1.765059
2.044076
1.958280
2.415648
1.764769
1.371914
2.476672
1.927455
3.128624
2.160949
2.591997
1.847244
1.856907
1.746874
1.888874
1.489344
2.190587
1.734611
1.859049
1.628006
1.758216
2.603731
1.831399
1.802965
1.535621
1.939702
1.898755
2.071910
2.199023
1.741074
1.765994
1.333632
1.634001
1.716274
1.717568
3.815929
