0.004543
0.004988
0.004470
0.004563
0.007183
0.003643
0.012101
0.004065
0.003808
0.013445
0.003886
0.003875
0.004101
0.003979
0.004079
0.003867
0.003982
0.003930
0.004165
0.009162
0.004459
0.004680
0.004572
0.004785
0.005376
0.005492
0.005536
0.003327
0.089380
0.004177
0.004515
0.003943
0.004171
0.003927
0.004000
0.004039
0.004033
0.004106
0.004014
0.004015
0.004353
0.003972
0.003860
0.003964
0.003832
0.004548
0.004489
0.005648
0.003918
0.018152
0.004147
0.003970
0.003928
0.004064
0.004014
0.003924
0.003994
0.003968
0.003983
0.004063
0.004024
0.013357
0.004069
0.003996
0.003864
0.015665
0.003985
0.004005
0.003931
0.004485
0.003920
0.004014
0.004087
0.003969
0.004677
0.004405
0.003532
0.003541
0.003423
0.003735
0.003723
0.003631
0.004417
0.003805
0.012071
0.004828
0.021911
0.003719
0.004139
0.004697
0.015737
0.004364
0.003860
0.003942
0.003410
0.004588
0.004279
0.007925
0.003422
0.004179
