0.001454
0.001388
0.001370
0.001241
0.002695
0.000518
0.001410
0.001226
0.001856
0.003658
0.001802
0.001361
0.001340
0.001893
0.001063
0.001378
0.001470
0.001520
0.001325
0.001452
0.001303
0.001220
0.001193
0.002241
0.002076
0.001514
0.001199
0.001217
0.001296
0.001196
0.001766
0.000748
0.002928
0.009635
0.002491
0.004555
0.002453
0.002074
0.001407
0.001502
0.001905
0.002082
0.001894
0.001110
0.001329
0.001153
0.001491
0.001384
0.001359
0.001182
0.001341
0.001802
0.001308
0.001438
0.001377
0.001205
0.001367
0.001326
0.001185
0.001294
0.001520
0.001253
0.001540
0.001426
0.001381
0.001374
0.001363
0.001504
0.002090
0.001370
0.001373
0.001180
0.001482
0.001268
0.001555
0.001863
0.005117
0.001160
0.001203
0.001218
0.000991
0.001197
0.001307
0.001858
0.000911
0.001053
0.000871
0.001187
0.001380
0.001336
0.001190
0.000879
0.001328
0.001328
0.001335
0.001439
0.001247
0.001998
0.001325
0.001284
