0.021752
0.019528
0.018716
0.019766
0.018721
0.019407
0.020020
0.019071
0.018837
0.019694
0.019492
0.019582
0.019710
0.019303
0.019869
0.019509
0.018748
0.018991
0.019394
0.019232
0.019219
0.019919
0.019379
0.019150
0.019813
0.019497
0.018891
0.019699
0.018630
0.019008
0.018834
0.018901
0.018475
0.020701
0.018485
0.019042
0.019633
0.019617
0.019275
0.019600
0.019827
0.019897
0.026930
0.019923
0.019226
0.020596
0.024743
0.019349
0.022312
0.021216
0.021867
0.020138
0.019336
0.025237
0.022851
0.020544
0.022229
0.020095
0.020314
0.019129
0.019915
0.019627
0.020421
0.020924
0.020168
0.022404
0.022649
0.020640
0.025066
0.021732
0.023552
0.023440
0.028019
0.029930
0.024593
0.026137
0.020340
0.023240
0.020662
0.019245
0.018957
0.019127
0.018864
0.019015
0.019557
0.019874
0.018767
0.019180
0.020665
0.024241
0.018950
0.018547
0.021307
0.019505
0.019809
0.019438
0.019409
0.019603
0.019520
0.020863
0.030060
0.029068
0.029642
0.028480
0.030418
0.030165
0.031049
0.029446
0.026597
0.030296
0.031868
0.027156
0.028908
0.030254
0.027744
0.046433
0.030002
0.031322
0.047220
0.048967
0.044166
0.044703
0.035059
0.042264
0.043355
0.026689
0.023866
0.025360
0.021136
0.020152
0.021315
0.031326
0.034388
0.039727
0.043648
0.041296
0.040889
0.049126
0.048231
0.044130
0.049869
0.045423
0.039090
0.037208
0.045262
0.040183
0.036504
0.044941
0.038117
0.032078
0.023473
0.021686
0.020716
0.019859
0.020251
0.020384
0.020954
0.019891
0.019871
0.022694
0.036583
0.037420
0.034472
0.028506
0.027968
0.028342
0.035829
0.040119
0.039234
0.028790
0.032214
0.030618
0.030444
0.044244
0.038168
0.040879
0.025820
0.021258
0.025357
0.029689
0.030334
0.029027
0.026814
0.034181
0.021372
0.020695
0.020736
0.020407
0.023095
0.021456
0.027649
0.030699
0.029445
0.032936
0.029888
0.030970
0.029209
0.036384
0.030246
0.029394
