0.000444
0.000456
0.000476
0.000452
0.000599
0.000534
0.000344
0.001015
0.000660
0.000464
0.000468
0.000343
0.000396
0.000446
0.000427
0.000446
0.000429
0.000427
0.000492
0.000493
0.000459
0.000666
0.000443
0.000450
0.000448
0.000452
0.000455
0.000462
0.000577
0.001239
0.000682
0.002064
0.000372
0.000430
0.000429
0.000570
0.000429
0.000375
0.000339
0.000416
0.000420
0.000538
0.000623
0.000491
0.000487
0.000448
0.000451
0.000459
0.000431
0.000450
0.000493
0.000449
0.000410
0.000442
0.000444
0.000444
0.000449
0.000442
0.000327
0.000335
0.000338
0.000323
0.000370
0.000317
0.000310
0.000467
0.000325
0.000322
0.000311
0.000403
0.000312
0.000314
0.000322
0.000500
0.000348
0.000320
0.000329
0.000325
0.000312
0.000340
0.000500
0.000335
0.000445
0.000440
0.000415
0.000556
0.000436
0.000414
0.000456
0.000452
0.000450
0.000413
0.000419
0.000439
0.000399
0.000475
0.000444
0.000420
0.000420
0.000567
