0.045638
0.051668
0.040281
0.048004
0.040974
0.040618
0.049584
1.036144
0.040676
0.039852
0.040266
0.132553
0.047253
0.040202
0.042886
0.045043
0.044262
0.048175
0.046695
0.057745
0.323119
0.043627
0.085184
0.036437
0.212514
0.055576
0.035826
0.035664
0.075236
0.035802
0.035515
0.035842
0.035603
0.035692
0.035257
0.039830
0.035956
0.204819
0.042614
0.041026
0.040057
0.040518
0.040144
0.040349
0.040180
0.040368
0.040533
0.040363
0.040124
0.040086
0.071552
0.040213
0.046503
0.055059
0.082519
0.224378
0.044896
0.317828
0.087871
0.085103
0.061173
0.046553
0.041141
0.053115
0.046760
0.055202
0.061805
0.060867
0.070361
0.050192
0.053131
0.055711
0.058348
0.045079
0.055827
0.044622
0.046463
0.044397
0.044704
0.043855
0.044599
0.313330
0.044763
0.050733
0.044849
0.044669
0.044584
0.044585
0.044302
0.228418
0.044285
0.044833
0.044121
0.044887
0.044522
0.044354
0.044591
0.044752
0.046015
0.040079
