3141.591553
3667.571289
3647.904297
3706.586670
3630.027588
3673.229492
3579.226074
3678.363770
3087.753906
1614.204956
3203.793213
3662.333008
3640.069824
395.555542
3616.636475
3120.222168
3331.556396
3690.990234
3643.783691
3099.141602
3216.054443
1691.789795
2727.917480
2729.183105
3657.778320
2452.302734
3245.172852
313.112518
3466.204590
414.064972
2898.214600
3634.249268
3244.962158
4112.011230
1767.627686
3454.828125
3685.005615
2187.274414
2174.858643
3610.108398
3636.495850
3036.191406
3731.204102
3667.302246
3705.075928
382.678436
3062.787109
4069.838379
4119.294922
4105.427246
4220.121582
4093.327881
3048.780518
4206.098633
4220.121582
3718.716309
4062.398438
4127.796387
3510.373047
3602.954346
4030.470459
2743.484131
4108.632324
4023.821045
3673.634277
3462.963623
4154.204102
2679.025879
2150.260254
2666.239990
3504.713867
2878.774902
3688.403564
2895.361572
3487.114990
2836.637939
3129.106934
2636.991699
921.446655
3636.363525
3645.510498
3738.597168
120.568504
1648.179565
2752.470459
3132.439453
3312.354980
3595.182373
1404.454956
3527.461182
3177.932373
3186.032471
3222.895508
3641.660645
3642.589111
3196.522217
3552.397949
461.292908
2819.045410
3463.083496
