45.413960
48.632626
49.052059
49.817898
50.286800
48.620235
50.888435
50.999355
48.229980
50.221352
44.093941
36.634899
50.075447
48.159859
46.081860
37.496262
48.057430
46.328213
39.990948
31.471987
38.388149
41.555687
49.482182
52.358234
46.251286
46.905216
36.901112
24.668060
26.933701
22.433279
28.622795
32.540424
24.229757
24.295883
22.054842
19.113289
19.258711
29.009361
27.499937
30.844040
33.103031
34.994308
33.017963
32.342648
35.071140
34.887093
34.152222
21.965513
27.949463
23.392193
33.140953
47.323627
48.879021
30.120586
22.552683
26.721758
22.343744
27.193731
26.900074
27.540653
20.026196
25.158901
25.935001
17.472776
23.629644
29.220377
29.221590
34.607292
32.447483
30.539106
23.153774
26.517344
26.178902
40.555531
39.788765
38.182095
36.488007
19.602827
26.859385
36.139637
33.648624
30.874134
30.249100
32.541454
38.656948
35.832508
37.102036
29.611168
30.309872
27.481472
29.680042
37.215202
36.895428
38.353443
40.456589
38.114220
44.461342
41.366337
48.240215
45.053825
