2657.454102
2533.569824
2970.002930
2919.708008
2923.121826
2980.625977
788.146301
2971.768311
2578.648682
2126.302246
2486.943604
2378.687012
2466.091309
2375.861328
2590.673584
1804.402710
2142.704102
2364.625244
2321.262695
2618.486572
2501.876465
2066.542725
2964.719727
2439.619385
676.406921
2096.875732
2175.804932
2624.671875
2483.238037
2597.402588
2704.164307
2495.010010
2518.257324
2341.372070
2352.387695
2004.008057
2525.252441
1825.483765
2971.768311
2958.579834
2268.087891
1667.778564
2010.050293
2229.654297
2346.316162
3099.813965
3034.901367
2939.447266
2974.419922
2976.190430
2973.535645
2289.901611
2876.869873
2786.291504
2581.977783
2399.232178
3029.385010
2853.881348
2543.882080
2377.555908
796.305115
2985.966064
2854.696045
2880.184326
2762.430908
3024.803467
2514.458252
539.257996
2827.254639
2604.166748
2552.974121
2860.411865
2531.004883
2850.627197
2830.455811
2112.824951
2547.770752
2826.455566
2977.076416
2996.703613
2663.825195
2615.746826
2886.002930
2937.720215
2764.722168
2599.428223
2881.014160
3010.234863
2960.331543
2564.760254
2959.455566
2857.142822
2780.094482
2262.443359
2356.267578
2933.411621
2881.844482
2964.719727
4291.845703
2912.055908
