0.000475
0.000443
0.000359
0.000371
0.000359
0.000379
0.000358
0.000293
0.045507
0.001538
0.001399
0.000264
0.000260
0.000426
0.000253
0.001499
0.000389
0.000305
0.000360
0.002410
0.000295
0.000295
0.000355
0.000022
0.000391
0.000405
0.000576
0.000483
0.000786
0.001694
0.000587
0.000361
0.000365
0.000356
0.000449
0.000563
0.000627
0.000553
0.000464
0.000534
0.000292
0.000354
0.000367
0.000381
0.000389
0.000468
0.000391
0.000357
0.000373
0.000402
0.000398
0.000372
0.000383
0.000384
0.000523
0.000384
0.000371
0.000408
0.002271
0.000357
0.000360
0.000368
0.000389
0.000577
0.000380
0.000380
0.000397
0.000451
0.000424
0.000421
0.000385
0.000400
0.000400
0.000353
0.000373
0.000367
0.000376
0.000384
0.000374
0.000365
0.000604
0.001048
0.000654
0.000425
0.000404
0.000370
0.000385
0.000000
0.000350
0.000361
0.000373
0.000390
0.000423
0.002165
0.000626
0.001780
0.000350
0.000352
0.000359
0.000359
