818.853271
722.523499
745.881226
772.122681
1172.653198
873.671448
677.246643
591.523499
450.477844
534.803955
762.650879
614.955078
619.003418
566.777771
828.823181
437.457367
861.213684
754.679932
779.296265
722.362244
460.223572
838.860718
709.674866
825.965698
825.079773
752.053833
811.069458
481.654266
929.033875
746.973267
785.858337
997.668457
786.772156
457.947601
378.607025
739.142578
697.317993
707.778198
709.493103
718.926392
679.932129
758.575684
478.770813
751.685852
1063.726807
742.311157
191.588577
210.402603
254.181290
696.213989
322.296204
795.661438
635.792969
1161.811279
661.399292
726.327698
821.959473
694.780762
793.854309
749.088928
489.687195
687.970825
846.763000
824.645691
853.873230
753.993164
811.601990
906.524597
736.199768
849.225159
821.416626
496.022888
611.675415
721.812134
703.222534
825.019897
659.282715
821.860168
663.639160
907.637024
777.682983
846.721436
728.388367
702.190491
767.896423
733.506714
661.345459
846.836121
517.558716
1096.339722
541.559814
684.053040
745.532593
744.016602
767.571655
595.232788
507.160339
551.378540
745.743286
686.895752
